79
1    362  334   
2    220  86   
3    247  86   
4    275  87   
5    302  88   
6    332  87   
7    363  86   
8    391  87   
9    333  334   
10   447  85   
11   192  110  
12   219  110  
13   246  110  
14   275  110  
15   303  110  
16   333  110  
17   362  110  
18   391  111  
19   420  111  
20   446  109  
21   192  136  
22   219  136  
23   247  136  
24   275  136  
25   303  136  
26   333  137  
27   363  137  
28   392  137  
29   420  137  
30   446  136  
31   303  334  
32   220  162  
33   246  163  
34   275  163  
35   303  163  
36   333  163  
37   362  163  
38   392  164  
39   274  334  
40   447  163  
41   192  192  
42   219  193  
43   246  192  
44   192  221  
45   419  334  
46   247  220  
47   192  247  
48   220  247  
49   246  247  
50   192  277  
51   220  278  
52   247  278  
53   274  278  
54   303  278  
55   333  279  
56   363  279  
57   391  279  
58   420  279  
59   392  333  
60   192  307  
61   220  307  
62   246  307  
63   274  307  
64   303  308  
65   333  308  
66   363  308  
67   392  308  
68   420  307  
69   446  307  
70   191  333  
71   220  333  
72   447  334  
73   246  333  
74   420  86  
75   192  85  
76   419  163  
77   192  163  
78   220  220  
79   447  278
