92
1   219   360 
2   220   86
3   247   86
4   275   87
5   302   88
6   332   87
7   363   86
8   391   87
9   247   361
10  447   85  
11   192   110
12   219   110
13   246   110
14   275   110
15   303   110
16   333   110
17   362   110
18   391   111
19   420   111
20   446   109
21   192   136
22   219   136
23   247   136
24   275   136
25   303   136
26   333   137
27   363   137
28   392   137
29   420   137
30   446   136
31   192   163 
32   274   361
33   246   163
34   275   163
35   303   163
36   333   163
37   362   163
38   302   360
39   419   163
40   447   163
41   192   192
42   219   193
43   246   192
44   274   192
45   333   361  
46   220   220
47   247   220
48   275   219
49   192   247
50   220   247
51   246   247
52   274   248
53   192   277
54   220   278
55   247   278
56   363   361
57   303   278
58   333   279
59   363   279
60   391   279
61   420   279
62   391   362 
63   192   307
64   220   307
65   246   307
66   274   307
67   303   308
68   333   308
69   363   308
70   392   308
71   420   307
72   446   307
73   191   333
74   220   333
75   246   333
76   275   335
77   303   334
78   333   334
79   362   334
80   392   333
81   419   334
82   447   334
83   420   363
84   192   85
85   420   86
86   220   162
87   392   164
88   192   221
89   275   277
90   447   278
91   192   361
92   446   363
