60
1   354  269  
2    242  131  
3    398  125  
4    428  143  
5   282  254  
6   282  301  
7   297  352  
8   311  285  
9   342  200  
10   242  171  
11   308  128  
12   260  326  
13   297  95   
14   369  341  
15   252  202  
16   268  285  
17   384  187  
18   428  186  
19   411  214  
20   235  226  
21   237  255  
22   201  331  
23   327  210  
24   412  242  
25   465  328  
26   425  316  
27   320  230  
28   372  242  
29   457  287  
30   371  288
31    210  106  
32    428  116  
33   242  151  
34    368  170  
35    340  320  
36   376  131  
37   462  201  
38   326  180  
39   231  342  
40   297  214  
41   204  169  
42   202  209  
43   462  235  
44   205  237  
45   314  255  
46   409  272
47   426  347  
48   439  273  
49   213  303  
50   230  312  
51   255  122  
52   270  243  
53   269  342  
54   285  123  
55   297  142  
56   282  187  
57   327  349  
58   319  311  
59   340  128  
60   339  143  
Nodes end
