60
1    210  106  
2    242  131  
3    398  125  
4    428  143  
5    428  116  
6    242  151  
7    368  170  
8    340  320  
9    204  169  
10   242  171  
11   308  128  
12   376  131  
13   462  201  
14   369  341  
15   202  209  
16   326  180  
17   386  187  
18   428  186  
19   414  214  
20   235  226  
21   231  342  
22   297  214  
23   327  210  
24   412  242  
25   462  235  
26   205  237  
27   320  230  
28   372  242  
29   314  255  
30   409  272  
31   426  347  
32   439  273  
33   457  287  
34   213  303  
35   230  312  
36   371  288  
37   425  316  
38   465  328  
39   237  255  
40   201  331  
41   255  122  
42   252  202  
43   270  243  
44   268  285  
45   260  326  
46   269  342  
47   297  95   
48   285  123  
49   297  142  
50   282  187  
51   282  254  
52   282  301  
53   297  352  
54   327  349  
55   319  311  
56   311  285  
57   340  128  
58   339  143  
59   342  200  
60   357  269  
Nodes end
