60
1   354  269  
2    262  131  
3    380  125  
4   440  214 
5   282  254  
6   327  349  
7   297  352  
8   331  285  
9   322  200  
10   272  171  
11   308  128  
12   260  336  
13   297  95   
14   340  341  
15   439  273
16   268  245  
17   314  255   
18   438  206  
19   339  143
20   235  226  
21   237  235  
22   201  331  
23   327  210  
24   450  242  
25   465  328  
26   435  336  
27   320  230  
28   372  272  
29   457  287  
30   351  288
31   255  122  
32   285  123   
33   230  332 
34   348  170  
35   340  320  
36   376  131  
37   462  201  
38   326  180  
39   231  342  
40   297  214  
41   244  209  
42   222  229  
43   442  235  
44   205  237  
45   344  187
46   409  272
47   436  347  
48   252  202 
49   213  333  
50   262  151
51   260  106
52   270  243  
53   269  342  
54   400  116
55   297  142  
56   282  187  
57   282  331
58   319  311  
59   340  128  
60    400  143
Nodes end
