36
1   165   94
2   199   95
3   233   94
4   267   95
5   299   94
6   332   95
7   166   128
8   233   258
9   234   128
10   267   128
11   267   258
12   332   130
13   165   162
14   199   163
15   234   164
16   267   163
17   300   164
18   332   165
19   166   195
20   200   196
21   233   197
22   267   197
23   300   198
24   332   197
25   166   227
26   299   257
27   234   228
28   267   227
29   332   258
30   331   229
31   166   258
32   200   258
33   200   127
34   300   129
35   200   228
36   300   228
