121
1   192   85
2   472   335
3   247   86
4   275   87
5   302   88
6   420   364
7   363   86
8   391   87
9   420   86
10  219   363 
11   473   84
12   192   110
13   219   110
14   246   110
15   275   110
16   303   110
17   333   110
18   362   110
19   391   111
20   420   111
21   446   109
22   472   110
23   192   136
24   219   136
25   247   136
26   275   136
27   303   136
28   333   137
29   363   137
30   392   137
31   420   137
32   446   136
33   473   136
34   247   364
35   220   162
36   246   163
37   275   163
38   275   363
39   333   163
40   362   163
41   392   164
42   419   163
43   447   163
44   473   163
45   192   192
46   219   193
47   246   192
48   275   193
49   303   193
50   333   192
51   362   192
52   392   193
53   420   193
54   446   193
55   303   362
56   192   221
57   220   220
58   247   220
59   275   220
60   303   221
61   333   221
62   363   220
63   393   221
64   419   223
65   446   220
66   473   219
67   192   247
68   220   247
69   246   247
70   275   249
71   303   248
72   333   249
73   363   247
74   392   248
75   419   249
76   447   248
77   473   248
78   192   277
79   446   364
80   247   278
81   274   278
82   303   278
83   333   279
84   363   364
85   391   279
86   420   279
87   447   278
88   392   365
89   192   307
90   220   307
91   246   307
92   274   307
93   303   308
94   333   308
95   363   308
96   392   308
97   420   307
98   446   307
99   473   307
100   191   333
101   220   333
102   246   333
103   274   334
104   303   334
105   333   334
106   362   334
107   392   333
108   419   334
109   447   334
110   220   86
111   332   87
112   447   85
113   192   163
114   303   163
115   472   194
116   220   278
117   363   279
118   472   278
119   192   362
120   332   363
121   473   364
