100
1    220  333   
2    220  86   
3    247  86   
4    275  87   
5    246  333   
6    332  87   
7    363  86   
8    391  87   
9    420  86   
10   303  334   
11   192  110  
12   219  110  
13   246  110  
14   275  110  
15   303  110  
16   333  110  
17   362  110  
18   391  111  
19   420  111  
20   446  109  
21   192  136  
22   219  136  
23   247  136  
24   275  136  
25   303  136  
26   333  137  
27   363  137  
28   392  137  
29   420  137  
30   446  136  
31   192  163  
32   220  162  
33   246  163  
34   275  163  
35   303  163  
36   333  163  
37   362  163  
38   392  164  
39   419  163  
40   447  163  
41   192  192  
42   219  193  
43   246  192  
44   275  193  
45   303  193  
46   333  192  
47   362  192  
48   392  193  
49   420  193  
50   446  193  
51   333  334  
52   220  220  
53   247  220  
54   275  220  
55   303  221  
56   362  334  
57   363  220  
58   393  221  
59   392  333  
60   446  220  
61   192  247  
62   220  247  
63   246  247  
64   275  249  
65   303  248  
66   333  249  
67   363  247  
68   392  248  
69   419  249  
70   447  248  
71   192  277  
72   220  278  
73   247  278  
74   274  278  
75   303  278  
76   333  279  
77   363  279  
78   419  334  
79   420  279  
80   447  278  
81   192  307  
82   220  307  
83   246  307  
84   274  307  
85   303  308  
86   333  308  
87   363  308  
88   392  308  
89   420  307  
90   446  307  
91   192  85  
92   302  88  
93   447  85  
94   192  221  
95   333  221  
96   419  223  
97   391  279  
98   191  333  
99   274  334  
100  447  334 
