1      190    92   
2      431    140  
3      294    203  
4      212    216  
5      209    319  
6      206    166  
7      406    175  
8      391    169  
9      235    176  
10     320    153  
11     324    125  
12     434    164  
13     406    357  
14     327    332  
15     330    90   
16     356    86   
17     405    282  
18     346    141  
19     380    249  
20     457    264  
21     379    166  
22     214    300  
23     328    330  
24     456    275  
25     284    86   
26     406    293  
27     445    303  
28     354    326  
29     383    164  
30     268    329  
31     342    353  
32     238    127  
33     265    133  
34     351    223  
35     269    127  
36     398    106  
37     211    100  
38     415    190  
39     397    222  
40     285    313  
41     418    123  
42     206    138  
43     266    272  
44     279    129  
45     446    187  
46     385    320  
47     421    162  
48     421    89   
49     229    124  
50     406    266  
51     469    152  
52     332    244  
53     387    360  
54     245    124  
55     216    260  
56     235    160  
57     360    291  
58     219    306  
59     361    206  
60     216    102  
