180
1      190    92   
2      431    140  
3      294    203  
4      212    216  
5      209    319  
6      206    166  
7      446    187  
8      391    169  
9      235    176  
10     320    153  
11     324    125  
12     434    164  
13     327    332  
14     421    89   
15     229    124  
16     356    86   
17     406    266  
18     346    141  
19     380    249  
20     457    264  
21     469    152  
22     214    300  
23     332    244  
24     456    275  
25     284    86   
26     406    293  
27     445    303  
28     354    326  
29     383    164  
30     268    329  
31     235    160  
32     342    353  
33     351    223  
34     269    127  
35     360    291  
36     211    100  
37     219    306  
38     415    190  
39     397    222  
40     285    313  
41     418    123  
42     206    138  
43     378    147  
44     349    155  
45     373    277  
46     442    173  
47     324    167  
48     404    291  
49     305    235  
50     356    330  
51     377    115  
52     222    99   
53     212    342  
54     449    161  
55     386    289  
56     329    269  
57     234    148  
58     225    360  
59     218    326  
60     345    279  
61     218    271  
62     194    170  
63     443    233  
64     442    181  
65     289    220  
66     402    134  
67     448    222  
68     302    142  
69     220    258  
70     449    235  
71     253    135  
72     383    362  
73     341    111  
74     399    125  
75     255    330  
76     389    206  
77     201    135  
78     192    190  
79     300    185  
80     379    312  
81     348    154  
82     294    247  
83     262    279  
84     346    330  
85     291    185  
86     364    302  
87     385    318  
88     400    336  
89     264    166  
90     386    211  
91     460    136  
92     441    174  
93     431    297  
94     300    318  
95     195    153  
96     232    282  
97     277    194  
98     343    157  
99     211    281  
100    282    304  
101    373    242  
102    261    331  
103    381    93   
104    234    127  
105    305    201  
106    349    148  
107    431    101  
108    292    269  
109    247    309  
110    335    201  
111    200    361  
112    234    97   
113    414    351  
114    403    358  
115    329    93   
116    448    227  
117    374    363  
118    440    362  
119    395    302  
120    279    104  
121    409    156  
122    429    341  
123    203    334  
124    382    189  
125    308    293  
126    384    179  
127    266    272  
128    279    129  
129    406    175  
130    385    320  
131    421    162  
132    406    357  
133    330    90   
134    405    282  
135    379    166  
136    328    330  
137    387    360  
138    245    124  
139    216    260  
140    238    127  
141    265    133  
142    398    106  
143    361    206  
144    216    102  
145    292    318  
146    278    172  
147    344    286  
148    322    197  
149    343    272  
150    424    274  
151    455    186  
152    275    99   
153    281    207  
154    210    322  
155    225    333  
156    415    248  
157    281    209  
158    366    277  
159    464    127  
160    213    211  
161    331    212  
162    434    254  
163    317    141  
164    242    301  
165    193    146  
166    460    160  
167    204    226  
168    308    84   
169    232    166  
170    440    90   
171    230    85   
172    338    297  
173    325    105  
174    206    112  
175    222    143  
176    356    308  
177    405    284  
178    194    186  
179    448    220  
180    366    226  
