200
1    232  315  
2    422  74   
3    270  67   
4    419  106  
5    435  81   
6    292  69   
7    283  60   
8    430  116  
9    357  65   
10   300  78   
11   252  84   
12   262  76   
13   275  84   
14   288  101  
15   296  90   
16   319  90   
17   313  103  
18   300  96   
19   339  79   
20   345  89   
21   356  78   
22   380  71   
23   358  90   
24   342  109  
25   353  102  
26   449  85   
27   367  96   
28   373  88   
29   368  82   
30   378  95   
31   368  58   
32   441  66   
33   429  60   
34   399  138  
35   392  74   
36   419  83   
37   410  93   
38   390  314  
39   396  84   
40   386  86   
41   406  65   
42   391  58   
43   384  127  
44   402  113  
45   344  167  
46   375  110  
47   370  131  
48   373  118  
49   364  123  
50   353  113  
51   318  114  
52   331  100  
53   333  120  
54   307  121  
55   294  122  
56   274  116  
57   248  135  
58   247  99   
59   237  101  
60   240  122  
61   247  114  
62   254  119  
63   269  127  
64   272  134  
65   283  132  
66   290  150  
67   307  141  
68   319  141  
69   334  141  
70   334  141  
71   371  142  
72   412  144  
73   428  131  
74   420  120  
75   407  126  
76   391  135  
77   396  150  
78   445  107  
79   442  129  
80   436  145  
81   432  152  
82   413  152  
83   380  156  
84   357  151  
85   340  156  
86   313  158  
87   329  153  
88   320  163  
89   285  162  
90   264  160  
91   262  152  
92   249  146  
93   242  139  
94   236  146  
95   233  162  
96   245  196  
97   247  161  
98   264  172  
99   248  175  
100  278  173  
101  297  175  
102  310  191  
103  293  193  
104  283  182  
105  287  203  
106  263  193  
107  265  183  
108  255  188  
109  283  213  
110  273  204  
111  295  204  
112  314  204  
113  369  253  
114  340  180  
115  315  177  
116  325  191  
117  423  242  
118  438  313  
119  372  196  
120  369  184  
121  357  172  
122  358  185  
123  358  201  
124  334  199  
125  390  206  
126  390  195  
127  385  189  
128  384  177  
129  443  234  
130  405  192  
131  405  206  
132  424  206  
133  426  195  
134  427  183  
135  439  180  
136  445  193  
137  430  222  
138  439  223  
139  414  226  
140  383  227  
141  375  235  
142  362  220  
143  373  219  
144  391  218  
145  399  241  
146  386  253  
147  355  261  
148  316  254  
149  287  242  
150  230  174  
151  279  232  
152  230  198  
153  240  205  
154  240  182  
155  261  267  
156  275  244  
157  289  263  
158  274  254  
159  295  255  
160  301  243  
161  298  227  
162  279  223  
163  336  280  
164  381  246  
165  413  269  
166  423  254  
167  449  257  
168  434  243  
169  441  274  
170  427  261  
171  424  284  
172  413  284  
173  397  284  
174  365  276  
175  371  290  
176  354  290  
177  343  263  
178  313  279  
179  367  302  
180  292  288  
181  284  275  
182  272  283  
183  271  302  
184  308  309  
185  260  303  
186  245  278  
187  229  273  
188  285  298  
189  254  282  
190  279  314  
191  344  314  
192  376  313  
193  409  307  
194  432  304  
195  445  307  
196  335  268  
197  446  149  
198  444  166  
199  370  164  
200  398  162  
