360
1      431    140  
2      266    272  
3      279    129  
4      294    203  
5      209    319  
6      446    187  
7      406    175  
8      391    169  
9      235    176  
10     320    153  
11     421    162  
12     434    164  
13     406    357  
14     421    89   
15     229    124  
16     356    86   
17     406    266  
18     405    282  
19     457    264  
20     469    152  
21     379    166  
22     328    330  
23     332    244  
24     284    86   
25     387    360  
26     406    293  
27     245    124  
28     354    326  
29     383    164  
30     216    260  
31     235    160  
32     238    127  
33     265    133  
34     269    127  
35     360    291  
36     398    106  
37     211    100  
38     415    190  
39     397    222  
40     285    313  
41     216    102  
42     206    138  
43     349    155  
44     292    318  
45     278    172  
46     373    277  
47     324    167  
48     404    291  
49     305    235  
50     356    330  
51     322    197  
52     343    272  
53     212    342  
54     424    274  
55     449    161  
56     329    269  
57     234    148  
58     225    360  
59     218    326  
60     345    279  
61     218    271  
62     194    170  
63     443    233  
64     442    181  
65     210    322  
66     402    134  
67     448    222  
68     415    248  
69     220    258  
70     449    235  
71     281    209  
72     253    135  
73     366    277  
74     341    111  
75     255    330  
76     389    206  
77     464    127  
78     192    190  
79     213    211  
80     331    212  
81     379    312  
82     294    247  
83     434    254  
84     262    279  
85     291    185  
86     364    302  
87     400    336  
88     242    301  
89     264    166  
90     460    136  
91     193    146  
92     441    174  
93     460    160  
94     300    318  
95     195    153  
96     308    84   
97     232    282  
98     277    194  
99     232    166  
100    282    304  
101    373    242  
102    261    331  
103    234    127  
104    305    201  
105    230    85   
106    338    297  
107    349    148  
108    325    105  
109    247    309  
110    200    361  
111    234    97   
112    206    112  
113    414    351  
114    222    143  
115    329    93   
116    448    227  
117    374    363  
118    405    284  
119    395    302  
120    279    104  
121    409    156  
122    429    341  
123    448    220  
124    308    293  
125    384    179  
126    366    226  
127    461    112  
128    467    90   
129    416    262  
130    456    223  
131    256    139  
132    312    277  
133    402    93   
134    320    131  
135    367    104  
136    459    304  
137    191    146  
138    351    331  
139    206    216  
140    430    285  
141    464    143  
142    421    137  
143    194    312  
144    312    125  
145    413    328  
146    413    144  
147    322    197  
148    330    281  
149    408    172  
150    271    100  
151    213    267  
152    275    215  
153    446    286  
154    304    107  
155    416    154  
156    200    181  
157    312    154  
158    308    187  
159    417    211  
160    340    256  
161    276    151  
162    304    286  
163    373    134  
164    280    334  
165    435    272  
166    306    247  
167    230    357  
168    277    255  
169    418    219  
170    227    214  
171    375    314  
172    239    293  
173    259    94   
174    442    277  
175    212    269  
176    194    257  
177    352    299  
178    326    302  
179    399    137  
180    295    337  
181    337    328  
182    356    114  
183    286    182  
184    445    274  
185    396    362  
186    290    110  
187    448    150  
188    298    106  
189    340    146  
190    244    200  
191    461    224  
192    446    274  
193    350    231  
194    450    148  
195    196    358  
196    247    315  
197    216    205  
198    207    363  
199    300    267  
200    267    326  
201    240    186  
202    461    85   
203    242    113  
204    266    309  
205    223    278  
206    303    220  
207    452    174  
208    412    323  
209    307    225  
210    269    287  
211    310    356  
212    291    248  
213    388    219  
214    239    174  
215    207    134  
216    469    238  
217    318    334  
218    306    167  
219    425    246  
220    268    264  
221    436    154  
222    322    314  
223    463    271  
224    386    159  
225    323    182  
226    416    254  
227    254    221  
228    333    154  
229    344    253  
230    404    280  
231    235    342  
232    313    284  
233    346    236  
234    440    237  
235    309    89   
236    395    337  
237    262    264  
238    451    302  
239    290    331  
240    246    348  
241    354    360  
242    197    90   
243    360    304  
244    396    345  
245    268    129  
246    228    361  
247    233    201  
248    329    113  
249    266    103  
250    273    319  
251    257    188  
252    353    99   
253    190    92   
254    212    216  
255    206    166  
256    385    320  
257    324    125  
258    327    332  
259    330    90   
260    346    141  
261    380    249  
262    214    300  
263    456    275  
264    445    303  
265    268    329  
266    342    353  
267    351    223  
268    219    306  
269    361    206  
270    418    123  
271    378    147  
272    442    173  
273    344    286  
274    377    115  
275    222    99   
276    386    289  
277    455    186  
278    275    99   
279    281    207  
280    289    220  
281    225    333  
282    302    142  
283    383    362  
284    399    125  
285    201    135  
286    300    185  
287    348    154  
288    346    330  
289    317    141  
290    385    318  
291    386    211  
292    431    297  
293    204    226  
294    343    157  
295    211    281  
296    440    90   
297    381    93   
298    431    101  
299    292    269  
300    335    201  
301    403    358  
302    356    308  
303    440    362  
304    194    186  
305    203    334  
306    382    189  
307    362    183  
308    332    264  
309    325    362  
310    361    308  
311    433    204  
312    450    327  
313    233    269  
314    347    215  
315    216    251  
316    199    253  
317    320    145  
318    429    180  
319    437    325  
320    372    204  
321    368    296  
322    458    93   
323    320    227  
324    321    127  
325    230    176  
326    429    127  
327    267    180  
328    243    334  
329    417    263  
330    393    167  
331    308    244  
332    302    161  
333    337    227  
334    352    187  
335    295    304  
336    328    355  
337    297    281  
338    432    313  
339    305    107  
340    207    262  
341    335    112  
342    456    160  
343    283    203  
344    306    219  
345    289    214  
346    419    249  
347    364    96   
348    432    145  
349    443    150  
350    196    200  
351    284    244  
352    334    289  
353    358    320  
354    454    94   
355    205    110  
356    411    192  
357    321    225  
358    226    179  
359    296    166  
360    263    194  
