120
1      190    92   
2      266    272  
3      279    129  
4      212    216  
5      209    319  
6      206    166  
7      406    175  
8      385    320  
9      391    169  
10     320    153  
11     324    125  
12     406    357  
13     327    332  
14     421    89   
15     229    124  
16     330    90   
17     406    266  
18     405    282  
19     380    249  
20     457    264  
21     469    152  
22     214    300  
23     328    330  
24     284    86   
25     387    360  
26     406    293  
27     245    124  
28     445    303  
29     216    260  
30     268    329  
31     342    353  
32     238    127  
33     265    133  
34     351    223  
35     360    291  
36     398    106  
37     219    306  
38     415    190  
39     361    206  
40     418    123  
41     216    102  
42     206    138  
43     349    155  
44     292    318  
45     373    277  
46     442    173  
47     324    167  
48     404    291  
49     344    286  
50     377    115  
51     322    197  
52     222    99   
53     343    272  
54     424    274  
55     449    161  
56     386    289  
57     234    148  
58     455    186  
59     218    326  
60     345    279  
61     218    271  
62     443    233  
63     281    207  
64     442    181  
65     289    220  
66     448    222  
67     225    333  
68     415    248  
69     220    258  
70     449    235  
71     253    135  
72     383    362  
73     366    277  
74     399    125  
75     255    330  
76     464    127  
77     201    135  
78     300    185  
79     213    211  
80     379    312  
81     348    154  
82     294    247  
83     434    254  
84     346    330  
85     431    140  
86     294    203  
87     446    187  
88     235    176  
89     421    162  
90     434    164  
91     356    86   
92     346    141  
93     379    166  
94     332    244  
95     456    275  
96     354    326  
97     383    164  
98     235    160  
99     269    127  
100    211    100  
101    397    222  
102    285    313  
103    378    147  
104    278    172  
105    305    235  
106    356    330  
107    212    342  
108    329    269  
109    225    360  
110    275    99   
111    194    170  
112    210    322  
113    402    134  
114    302    142  
115    281    209  
116    341    111  
117    389    206  
118    192    190  
119    331    212  
120    262    279  
