240
1      190    92   
2      431    140  
3      279    129  
4      212    216  
5      206    166  
6      446    187  
7      406    175  
8      385    320  
9      235    176  
10     421    162  
11     324    125  
12     434    164  
13     327    332  
14     421    89   
15     229    124  
16     356    86   
17     406    266  
18     405    282  
19     380    249  
20     457    264  
21     469    152  
22     328    330  
23     332    244  
24     284    86   
25     387    360  
26     406    293  
27     245    124  
28     354    326  
29     216    260  
30     268    329  
31     235    160  
32     238    127  
33     351    223  
34     269    127  
35     360    291  
36     211    100  
37     219    306  
38     415    190  
39     361    206  
40     285    313  
41     418    123  
42     206    138  
43     349    155  
44     292    318  
45     278    172  
46     442    173  
47     404    291  
48     344    286  
49     305    235  
50     356    330  
51     322    197  
52     222    99   
53     212    342  
54     424    274  
55     449    161  
56     386    289  
57     455    186  
58     225    360  
59     275    99   
60     218    326  
61     218    271  
62     194    170  
63     443    233  
64     442    181  
65     210    322  
66     402    134  
67     225    333  
68     302    142  
69     415    248  
70     220    258  
71     281    209  
72     253    135  
73     341    111  
74     399    125  
75     255    330  
76     464    127  
77     201    135  
78     192    190  
79     300    185  
80     331    212  
81     348    154  
82     294    247  
83     434    254  
84     262    279  
85     291    185  
86     364    302  
87     400    336  
88     242    301  
89     264    166  
90     386    211  
91     193    146  
92     431    297  
93     460    160  
94     300    318  
95     204    226  
96     308    84   
97     277    194  
98     343    157  
99     232    166  
100    282    304  
101    373    242  
102    261    331  
103    381    93   
104    234    127  
105    305    201  
106    338    297  
107    349    148  
108    325    105  
109    292    269  
110    335    201  
111    200    361  
112    234    97   
113    414    351  
114    403    358  
115    356    308  
116    448    227  
117    374    363  
118    440    362  
119    395    302  
120    279    104  
121    409    156  
122    429    341  
123    203    334  
124    308    293  
125    384    179  
126    366    226  
127    461    112  
128    362    183  
129    416    262  
130    456    223  
131    325    362  
132    256    139  
133    402    93   
134    361    308  
135    367    104  
136    459    304  
137    191    146  
138    206    216  
139    450    327  
140    430    285  
141    233    269  
142    421    137  
143    194    312  
144    312    125  
145    413    328  
146    216    251  
147    413    144  
148    330    281  
149    199    253  
150    271    100  
151    213    267  
152    429    180  
153    446    286  
154    304    107  
155    416    154  
156    437    325  
157    312    154  
158    308    187  
159    368    296  
160    417    211  
161    340    256  
162    304    286  
163    373    134  
164    280    334  
165    435    272  
166    306    247  
167    230    357  
168    277    255  
169    266    272  
170    294    203  
171    209    319  
172    391    169  
173    320    153  
174    406    357  
175    330    90   
176    346    141  
177    379    166  
178    214    300  
179    456    275  
180    445    303  
181    383    164  
182    342    353  
183    265    133  
184    398    106  
185    397    222  
186    216    102  
187    378    147  
188    373    277  
189    324    167  
190    377    115  
191    343    272  
192    329    269  
193    234    148  
194    345    279  
195    281    207  
196    289    220  
197    448    222  
198    449    235  
199    383    362  
200    366    277  
201    389    206  
202    213    211  
203    379    312  
204    346    330  
205    317    141  
206    385    318  
207    460    136  
208    441    174  
209    195    153  
210    232    282  
211    211    281  
212    440    90   
213    230    85   
214    431    101  
215    247    309  
216    206    112  
217    222    143  
218    329    93   
219    405    284  
220    194    186  
221    448    220  
222    382    189  
223    467    90   
224    332    264  
225    312    277  
226    320    131  
227    433    204  
228    351    331  
229    464    143  
230    347    215  
231    322    197  
232    408    172  
233    320    145  
234    275    215  
235    200    181  
236    372    204  
237    276    151  
238    458    93   
239    320    227  
240    321    127  
