160
1    232  315  
2    422  74   
3    270  67   
4    435  81   
5    292  69   
6    283  60   
7    357  65   
8    300  78   
9    252  84   
10   262  76   
11   275  84   
12   288  101  
13   296  90   
14   319  90   
15   267  86   
16   300  96   
17   339  79   
18   315  75   
19   356  78   
20   380  71   
21   358  90   
22   328  88   
23   349  84   
24   449  85   
25   367  96   
26   373  88   
27   368  82   
28   368  58   
29   441  66   
30   433  52   
31   392  74   
32   419  83   
33   410  93   
34   390  314  
35   396  84   
36   386  86   
37   406  65   
38   391  58   
39   303  62   
40   289  82   
41   332  96   
42   367  73   
43   273  98   
44   294  122  
45   274  116  
46   248  135  
47   247  99   
48   230  102  
49   231  116  
50   247  114  
51   254  119  
52   269  127  
53   272  134  
54   283  132  
55   290  150  
56   272  147  
57   446  73   
58   285  162  
59   264  160  
60   262  152  
61   249  146  
62   242  139  
63   236  146  
64   233  162  
65   245  196  
66   247  161  
67   264  172  
68   248  175  
69   278  173  
70   272  187  
71   293  193  
72   283  182  
73   287  203  
74   263  193  
75   265  183  
76   255  188  
77   283  213  
78   273  204  
79   295  204  
80   384  281  
81   422  273  
82   438  313  
83   438  257  
84   422  301  
85   451  297  
86   407  263  
87   385  296  
88   350  267  
89   308  293  
90   287  242  
91   230  174  
92   279  232  
93   230  198  
94   240  205  
95   240  182  
96   270  294  
97   275  244  
98   289  263  
99   274  254  
100  295  255  
101  301  243  
102  298  227  
103  279  223  
104  336  280  
105  383  267  
106  413  269  
107  419  258  
108  449  257  
109  432  267  
110  441  274  
111  427  261  
112  424  284  
113  413  284  
114  397  284  
115  365  276  
116  371  290  
117  354  290  
118  333  266  
119  329  303  
120  367  302  
121  295  305  
122  284  275  
123  272  283  
124  271  302  
125  308  316  
126  243  304  
127  237  290  
128  230  281  
129  285  298  
130  254  282  
131  279  314  
132  344  314  
133  376  313  
134  409  307  
135  432  304  
136  445  307  
137  317  266  
138  306  53   
139  326  52   
140  344  53   
141  311  67   
142  328  64   
143  339  64   
144  410  46   
145  418  60   
146  379  63   
147  219  73   
148  260  53   
149  236  72   
150  235  83   
151  228  68   
152  237  55   
153  221  84   
154  223  128  
155  231  224  
156  244  219  
157  255  240  
158  236  251  
159  234  239  
160  246  230  
