300
1      190    92   
2      266    272  
3      279    129  
4      212    216  
5      209    319  
6      446    187  
7      406    175  
8      385    320  
9      391    169  
10     320    153  
11     324    125  
12     434    164  
13     406    357  
14     421    89   
15     229    124  
16     330    90   
17     406    266  
18     346    141  
19     457    264  
20     469    152  
21     379    166  
22     328    330  
23     332    244  
24     456    275  
25     387    360  
26     406    293  
27     445    303  
28     354    326  
29     383    164  
30     268    329  
31     235    160  
32     238    127  
33     351    223  
34     269    127  
35     360    291  
36     211    100  
37     219    306  
38     415    190  
39     361    206  
40     285    313  
41     418    123  
42     206    138  
43     378    147  
44     292    318  
45     278    172  
46     373    277  
47     324    167  
48     404    291  
49     344    286  
50     356    330  
51     322    197  
52     222    99   
53     212    342  
54     424    274  
55     386    289  
56     329    269  
57     234    148  
58     455    186  
59     275    99   
60     345    279  
61     218    271  
62     443    233  
63     281    207  
64     442    181  
65     210    322  
66     402    134  
67     448    222  
68     302    142  
69     220    258  
70     449    235  
71     281    209  
72     383    362  
73     341    111  
74     399    125  
75     255    330  
76     464    127  
77     201    135  
78     192    190  
79     300    185  
80     331    212  
81     379    312  
82     434    254  
83     262    279  
84     346    330  
85     291    185  
86     364    302  
87     385    318  
88     400    336  
89     264    166  
90     386    211  
91     193    146  
92     431    297  
93     460    160  
94     300    318  
95     195    153  
96     232    282  
97     277    194  
98     343    157  
99     232    166  
100    282    304  
101    373    242  
102    261    331  
103    381    93   
104    234    127  
105    305    201  
106    338    297  
107    431    101  
108    292    269  
109    247    309  
110    335    201  
111    234    97   
112    206    112  
113    222    143  
114    403    358  
115    329    93   
116    448    227  
117    374    363  
118    405    284  
119    395    302  
120    279    104  
121    409    156  
122    429    341  
123    448    220  
124    382    189  
125    308    293  
126    366    226  
127    461    112  
128    362    183  
129    332    264  
130    456    223  
131    325    362  
132    256    139  
133    312    277  
134    361    308  
135    320    131  
136    433    204  
137    191    146  
138    351    331  
139    206    216  
140    450    327  
141    464    143  
142    421    137  
143    194    312  
144    347    215  
145    413    328  
146    216    251  
147    322    197  
148    330    281  
149    199    253  
150    271    100  
151    213    267  
152    429    180  
153    275    215  
154    304    107  
155    416    154  
156    200    181  
157    312    154  
158    372    204  
159    368    296  
160    417    211  
161    276    151  
162    304    286  
163    373    134  
164    280    334  
165    435    272  
166    230    357  
167    321    127  
168    277    255  
169    418    219  
170    227    214  
171    429    127  
172    239    293  
173    267    180  
174    259    94   
175    212    269  
176    194    257  
177    352    299  
178    326    302  
179    399    137  
180    295    337  
181    337    328  
182    356    114  
183    286    182  
184    308    244  
185    396    362  
186    290    110  
187    298    106  
188    337    227  
189    340    146  
190    461    224  
191    352    187  
192    295    304  
193    350    231  
194    450    148  
195    196    358  
196    328    355  
197    207    363  
198    297    281  
199    432    313  
200    300    267  
201    240    186  
202    305    107  
203    242    113  
204    207    262  
205    266    309  
206    303    220  
207    335    112  
208    456    160  
209    307    225  
210    269    287  
211    431    140  
212    294    203  
213    206    166  
214    235    176  
215    421    162  
216    327    332  
217    356    86   
218    405    282  
219    380    249  
220    214    300  
221    284    86   
222    245    124  
223    216    260  
224    342    353  
225    265    133  
226    398    106  
227    397    222  
228    216    102  
229    349    155  
230    442    173  
231    305    235  
232    377    115  
233    343    272  
234    449    161  
235    225    360  
236    218    326  
237    194    170  
238    289    220  
239    225    333  
240    415    248  
241    253    135  
242    366    277  
243    389    206  
244    213    211  
245    348    154  
246    294    247  
247    317    141  
248    242    301  
249    460    136  
250    441    174  
251    204    226  
252    308    84   
253    211    281  
254    440    90   
255    230    85   
256    349    148  
257    325    105  
258    200    361  
259    414    351  
260    356    308  
261    440    362  
262    194    186  
263    203    334  
264    384    179  
265    467    90   
266    416    262  
267    402    93   
268    367    104  
269    459    304  
270    430    285  
271    233    269  
272    312    125  
273    413    144  
274    408    172  
275    320    145  
276    446    286  
277    437    325  
278    308    187  
279    340    256  
280    458    93   
281    320    227  
282    306    247  
283    230    176  
284    375    314  
285    442    277  
286    243    334  
287    417    263  
288    393    167  
289    445    274  
290    302    161  
291    448    150  
292    244    200  
293    446    274  
294    247    315  
295    216    205  
296    267    326  
297    461    85   
298    223    278  
299    452    174  
300    412    323  
