420
1      431    140  
2      266    272  
3      279    129  
4      294    203  
5      209    319  
6      206    166  
7      446    187  
8      391    169  
9      235    176  
10     421    162  
11     324    125  
12     434    164  
13     406    357  
14     421    89   
15     330    90   
16     356    86   
17     406    266  
18     346    141  
19     380    249  
20     457    264  
21     379    166  
22     214    300  
23     332    244  
24     456    275  
25     387    360  
26     406    293  
27     245    124  
28     445    303  
29     216    260  
30     268    329  
31     235    160  
32     342    353  
33     351    223  
34     269    127  
35     360    291  
36     211    100  
37     219    306  
38     415    190  
39     361    206  
40     285    313  
41     418    123  
42     216    102  
43     349    155  
44     292    318  
45     373    277  
46     442    173  
47     324    167  
48     404    291  
49     344    286  
50     356    330  
51     377    115  
52     343    272  
53     212    342  
54     424    274  
55     386    289  
56     329    269  
57     234    148  
58     225    360  
59     275    99   
60     345    279  
61     218    271  
62     194    170  
63     443    233  
64     442    181  
65     289    220  
66     402    134  
67     225    333  
68     302    142  
69     415    248  
70     220    258  
71     281    209  
72     383    362  
73     341    111  
74     399    125  
75     255    330  
76     389    206  
77     464    127  
78     192    190  
79     213    211  
80     331    212  
81     348    154  
82     294    247  
83     434    254  
84     262    279  
85     291    185  
86     364    302  
87     385    318  
88     242    301  
89     264    166  
90     386    211  
91     193    146  
92     441    174  
93     460    160  
94     195    153  
95     204    226  
96     232    282  
97     277    194  
98     343    157  
99     232    166  
100    211    281  
101    373    242  
102    261    331  
103    381    93   
104    234    127  
105    305    201  
106    349    148  
107    431    101  
108    325    105  
109    247    309  
110    335    201  
111    200    361  
112    206    112  
113    414    351  
114    403    358  
115    356    308  
116    448    227  
117    405    284  
118    440    362  
119    395    302  
120    194    186  
121    279    104  
122    203    334  
123    448    220  
124    382    189  
125    308    293  
126    384    179  
127    467    90   
128    362    183  
129    332    264  
130    456    223  
131    256    139  
132    312    277  
133    402    93   
134    361    308  
135    367    104  
136    459    304  
137    191    146  
138    351    331  
139    206    216  
140    450    327  
141    464    143  
142    233    269  
143    347    215  
144    312    125  
145    216    251  
146    413    144  
147    322    197  
148    408    172  
149    199    253  
150    320    145  
151    213    267  
152    429    180  
153    275    215  
154    446    286  
155    416    154  
156    200    181  
157    312    154  
158    308    187  
159    417    211  
160    340    256  
161    276    151  
162    304    286  
163    458    93   
164    320    227  
165    435    272  
166    306    247  
167    230    357  
168    277    255  
169    418    219  
170    230    176  
171    429    127  
172    239    293  
173    267    180  
174    442    277  
175    212    269  
176    194    257  
177    352    299  
178    326    302  
179    399    137  
180    295    337  
181    337    328  
182    356    114  
183    286    182  
184    308    244  
185    290    110  
186    302    161  
187    448    150  
188    337    227  
189    340    146  
190    244    200  
191    461    224  
192    295    304  
193    350    231  
194    450    148  
195    328    355  
196    247    315  
197    216    205  
198    207    363  
199    300    267  
200    267    326  
201    240    186  
202    305    107  
203    242    113  
204    207    262  
205    266    309  
206    335    112  
207    452    174  
208    412    323  
209    307    225  
210    269    287  
211    283    203  
212    310    356  
213    388    219  
214    239    174  
215    207    134  
216    469    238  
217    318    334  
218    306    167  
219    425    246  
220    268    264  
221    436    154  
222    322    314  
223    463    271  
224    386    159  
225    443    150  
226    323    182  
227    196    200  
228    254    221  
229    344    253  
230    284    244  
231    404    280  
232    346    236  
233    334    289  
234    358    320  
235    309    89   
236    454    94   
237    262    264  
238    451    302  
239    205    110  
240    290    331  
241    411    192  
242    197    90   
243    360    304  
244    396    345  
245    268    129  
246    226    179  
247    233    201  
248    329    113  
249    296    166  
250    257    188  
251    353    99   
252    263    194  
253    211    298  
254    389    228  
255    313    287  
256    191    110  
257    416    258  
258    263    318  
259    202    271  
260    376    203  
261    255    246  
262    429    247  
263    377    271  
264    426    184  
265    447    106  
266    264    228  
267    399    301  
268    316    192  
269    322    123  
270    355    109  
271    314    94   
272    244    111  
273    287    258  
274    274    278  
275    305    109  
276    389    355  
277    309    280  
278    199    291  
279    220    250  
280    361    334  
281    279    259  
282    433    160  
283    263    104  
284    295    87   
285    239    104  
286    434    189  
287    322    339  
288    307    126  
289    275    193  
290    424    131  
291    398    297  
292    383    129  
293    289    166  
294    251    151  
295    190    92   
296    212    216  
297    406    175  
298    385    320  
299    320    153  
300    327    332  
301    229    124  
302    405    282  
303    469    152  
304    328    330  
305    284    86   
306    354    326  
307    383    164  
308    238    127  
309    265    133  
310    398    106  
311    397    222  
312    206    138  
313    378    147  
314    278    172  
315    305    235  
316    322    197  
317    222    99   
318    449    161  
319    455    186  
320    218    326  
321    281    207  
322    210    322  
323    448    222  
324    449    235  
325    253    135  
326    366    277  
327    201    135  
328    300    185  
329    379    312  
330    346    330  
331    317    141  
332    400    336  
333    460    136  
334    431    297  
335    300    318  
336    308    84   
337    282    304  
338    440    90   
339    230    85   
340    338    297  
341    292    269  
342    234    97   
343    222    143  
344    329    93   
345    374    363  
346    409    156  
347    429    341  
348    366    226  
349    461    112  
350    416    262  
351    325    362  
352    320    131  
353    433    204  
354    430    285  
355    421    137  
356    194    312  
357    413    328  
358    330    281  
359    271    100  
360    304    107  
361    437    325  
362    372    204  
363    368    296  
364    373    134  
365    280    334  
366    321    127  
367    227    214  
368    375    314  
369    259    94   
370    243    334  
371    417    263  
372    393    167  
373    445    274  
374    396    362  
375    298    106  
376    352    187  
377    446    274  
378    196    358  
379    297    281  
380    432    313  
381    461    85   
382    223    278  
383    303    220  
384    456    160  
385    291    248  
386    306    219  
387    289    214  
388    419    249  
389    364    96   
390    432    145  
391    416    254  
392    333    154  
393    235    342  
394    313    284  
395    440    237  
396    395    337  
397    246    348  
398    354    360  
399    321    225  
400    228    361  
401    266    103  
402    273    319  
403    306    92   
404    257    232  
405    323    211  
406    288    109  
407    424    90   
408    421    309  
409    237    333  
410    450    257  
411    385    122  
412    312    244  
413    250    309  
414    465    204  
415    360    300  
416    281    331  
417    233    156  
418    223    261  
419    350    322  
420    448    200  
